0.000000     0.000000
0.070000     0.000000
0.140000     0.000000
0.210000     0.000000
0.280000     0.000000
0.350000     0.000000
0.420000     0.000000
0.490000     0.000000
0.560000     0.000000
0.630000     0.000000
0.700000     0.000000
0.770000     0.000000
0.840000     0.000732
0.910000     0.246472
0.980000     1.901550
1.050000     3.183922
1.120000     3.047104
1.190000     2.533372
1.260000     2.038955
1.330000     1.719185
1.400000     1.499357
1.470000     1.358983
1.540000     1.303613
1.610000     1.260902
1.680000     1.267957
1.750000     1.291725
1.820000     1.345435
1.890000     1.401855
1.960000     1.477968
2.030000     1.538962
2.100000     1.567690
2.170000     1.560452
2.240000     1.528604
2.310000     1.487015
2.380000     1.444884
2.450000     1.412445
2.520000     1.386238
2.590000     1.372622
2.660000     1.361672
2.730000     1.365301
2.800000     1.371487
2.870000     1.374246
2.940000     1.389687
3.010000     1.388482
3.080000     1.386905
3.150000     1.387396
3.220000     1.377951
3.290000     1.375817
3.360000     1.366919
3.430000     1.362943
3.500000     1.350166
3.570000     1.351124
3.640000     1.346420
3.710000     1.338136
3.780000     1.345171
3.850000     1.340395
3.920000     1.338314
3.990000     1.336840
4.060000     1.337315
4.130000     1.332337
4.200000     1.330254
4.270000     1.330793
4.340000     1.330450
4.410000     1.329114
4.480000     1.326703
4.550000     1.329033
4.620000     1.321890
4.690000     1.322341
4.760000     1.319015
4.830000     1.321283
4.900000     1.319861
4.970000     1.320135
5.040000     1.320320
5.110000     1.319890
5.180000     1.316862
5.250000     1.317259
5.320000     1.320711
5.390000     1.318460
5.460000     1.316294
5.530000     1.322782
5.600000     1.320738
5.670000     1.315207
5.740000     1.317738
5.810000     1.319167
5.880000     1.319313
5.950000     1.319062
6.020000     1.321045
6.090000     1.320014
6.160000     1.317027
6.230000     1.322368
6.300000     1.316342
6.370000     1.321614
6.440000     1.319252
6.510000     1.320072
6.580000     1.322672
6.650000     1.324034
6.720000     1.322129
6.790000     1.320811
6.860000     1.325901
6.930000     1.323537
