atom0     14.938605    14.636949     10.199368
atom1     11.161769    15.850964     7.151954
atom2     2.696587    12.034242     6.008818
atom3     2.061757    5.444752     2.454851
atom4     5.728985    1.551148     5.646421
atom5     10.432443    18.064017     1.926936
atom6     6.020640    8.893001     4.674223
atom7     19.807904    1.446982     11.433369
atom8     15.332397    11.598047     8.384150
atom9     12.401075    4.866995     19.584867
atom10     3.363802    2.414894     12.624427
atom11     15.089369    7.023914     10.920775
atom12     5.464916    8.839281     1.802038
atom13     6.852226    5.355491     9.728909
atom14     13.765575    18.019150     7.850936
atom15     10.687350    2.287891     12.581309
atom16     14.053356    14.748066     10.751368
atom17     18.721950    0.813705     11.942674
atom18     6.453514    4.215115     3.430505
atom19     16.714903    17.882008     19.405257
atom20     15.650873    1.715397     12.171393
atom21     10.427281    11.309809     3.960660
atom22     6.808853    16.391648     14.434922
atom23     7.733579    18.258533     11.168547
atom24     9.775195    11.703549     1.545465
atom25     14.634994    10.340488     12.579765
atom26     8.523201    9.944321     16.199623
atom27     1.772964    18.213487     14.075795
atom28     12.252231    9.749377     19.282523
atom29     8.569277    3.837568     17.999395
atom30     15.781844    17.447344     13.504861
atom31     11.114615    3.326829     14.019121
atom32     19.362007    17.258649     6.112203
atom33     7.380217    10.802554     7.521542
atom34     16.192949    15.894959     11.069355
atom35     4.134486    8.311729     15.235519
atom36     2.623909    9.038526     9.507993
atom37     15.766021    19.507623     4.626614
atom38     19.505364    6.659019     18.126013
atom39     3.895773    16.260020     2.162950
atom40     12.696938    17.438985     17.027878
atom41     7.543135    17.463374     6.924733
atom42     3.982543    14.599059     6.377068
atom43     19.376665    3.611152     12.638654
atom44     18.321488    11.241939     10.767372
atom45     6.490240    10.960457     19.395227
atom46     19.850027    0.907364     1.560494
atom47     17.166915    4.342503     4.446985
atom48     0.483109    19.621281     14.865066
atom49     17.049165    13.320070     7.418238
atom50     10.622436    6.281200     1.128928
atom51     5.546245    15.731577     0.622864
atom52     8.481084    1.580206     18.520177
atom53     8.609618    1.857381     16.999777
atom54     15.856313    15.048183     18.313078
atom55     5.374388    7.331739     4.530747
atom56     8.557795    3.860186     2.152372
atom57     11.303373    15.797263     4.592355
atom58     3.708891    15.324690     2.060992
atom59     19.098988    16.695509     1.419482
atom60     17.242253    10.540263     10.193294
atom61     19.220410    16.426549     8.005438
atom62     9.975492    18.100925     2.248251
atom63     6.354738    4.084415     6.763531
atom64     14.659268    18.314247     7.553871
atom65     17.914561    10.029148     19.887436
atom66     8.005424    4.668295     1.041865
atom67     3.064951    14.129885     12.977606
atom68     16.500686    9.031781     16.649900
atom69     9.042252    2.629771     15.553736
atom70     3.338324    13.213768     13.296682
atom71     9.987141    13.885848     19.448708
atom72     14.431088    3.303620     3.940668
atom73     10.640277    9.638104     8.108877
atom74     17.560754    3.595577     10.868047
atom75     19.036851    3.351577     19.447152
atom76     2.329151    6.038322     6.079339
atom77     15.442222    17.420471     5.858480
atom78     3.759856    8.908119     10.250507
atom79     18.113549    14.413921     14.776534
atom80     9.710650    9.896851     4.375203
atom81     0.413150    3.818399     15.833322
atom82     10.729080    4.147309     16.817931
atom83     3.721841    7.480333     0.959460
atom84     10.120760    18.113882     19.512112
atom85     19.242101    1.983748     0.848646
atom86     3.199371    11.829468     17.864585
atom87     10.081442    18.788860     4.373027
atom88     17.483292    2.190511     14.914637
atom89     15.223666    4.160078     18.435679
atom90     8.023308    7.741545     0.142679
atom91     11.490475    0.415996     11.638924
atom92     15.096457    15.158644     19.333279
atom93     0.572055    5.035288     18.591629
atom94     6.584951    13.274206     19.574357
atom95     6.222810    6.770383     9.822257
atom96     2.666949    3.412587     15.356780
atom97     2.000507    7.525286     16.474353
atom98     2.639511    11.756951     7.068542
atom99     6.805037    10.755153     16.356614
atom100     8.113911    10.493836     9.907253
atom101     11.234646    12.702158     4.164068
atom102     18.526136    9.771549     11.423686
atom103     11.787278    10.279028     0.128244
atom104     3.264318    3.397294     18.313300
atom105     11.632375    5.330630     11.897994
atom106     9.578059    18.432037     7.240863
atom107     17.474642    1.306459     14.153750
atom108     9.672371    3.537752     18.993895
atom109     10.391971    17.857046     3.376280
atom110     4.792554    16.446805     11.945451
atom111     15.002813    9.782118     5.551759
atom112     10.249044    15.687459     19.124935
atom113     12.788630    18.512608     1.400282
atom114     14.541169    13.429138     3.521675
atom115     8.065099    10.121388     4.670732
atom116     0.955644    1.508063     6.022737
atom117     4.344072    19.816520     10.251918
atom118     2.885377    2.029199     8.244613
atom119     13.504861    16.204208     4.116557
atom120     7.186844    9.282054     14.978359
atom121     19.443717    11.558327     12.802111
atom122     7.327957    16.979794     10.390404
atom123     9.514631    12.397584     6.195209
atom124     2.879250    11.551693     9.301334
atom125     7.527110    8.136407     8.590431
atom126     19.439467    17.129996     15.335052
atom127     9.447761    8.524071     4.064597
atom128     13.550380    8.731241     5.469715
atom129     15.233498    0.903892     18.220295
atom130     17.631755    14.903406     0.037864
atom131     1.448269    13.058443     18.254322
atom132     15.840727    15.096270     3.008828
atom133     9.370854    15.438334     13.580681
atom134     4.396349    9.443403     15.277081
atom135     1.905365    3.468936     2.410698
atom136     16.502738    16.520558     10.015306
atom137     2.793622    2.897303     4.464034
atom138     3.547540    3.506212     8.898565
atom139     17.992409    8.909868     11.146937
atom140     16.006086    1.790948     7.455236
atom141     17.217419    13.161399     3.628421
atom142     2.082282    7.908037     6.882802
atom143     15.981269    17.186237     9.093313
atom144     11.304825    0.188612     10.001370
atom145     13.147423    5.743402     3.351334
atom146     18.540731    14.064618     4.041486
atom147     5.063964    17.045885     17.187024
atom148     10.988819    9.088741     14.470540
atom149     6.368807    0.535466     19.572691
atom150     18.213956    1.964932     4.607291
atom151     14.747824    6.678681     8.599933
atom152     19.076570    19.913431     5.038510
atom153     2.248663    2.781104     8.520188
atom154     5.418201    3.707309     8.740861
atom155     7.656006    14.501088     19.792405
atom156     10.944165    18.574052     14.092367
atom157     10.279059    12.652922     4.664601
atom158     6.907145    8.384489     18.109785
atom159     11.052952    13.461180     11.549170
atom160     13.650635    6.230164     10.373328
atom161     4.525692    3.305120     9.157073
atom162     3.923621    14.289804     9.733955
atom163     2.944351    5.714743     7.680598
atom164     7.765587    3.227539     1.741852
atom165     18.299210    15.329030     0.012359
atom166     6.090899    9.739352     9.287402
atom167     13.786267    12.782938     7.846966
atom168     2.972346    5.222040     2.820933
atom169     1.395064    17.335193     16.586676
atom170     13.985523    12.186941     9.423183
atom171     12.246472    6.450416     12.142054
atom172     11.495583    6.264692     10.683112
atom173     11.343851    1.607248     8.509148
atom174     18.699626    4.619191     14.738951
atom175     17.547998    9.200644     15.222676
atom176     6.850707    18.831726     17.321367
atom177     11.248137    10.445681     1.065020
atom178     4.044446    15.004500     0.627889
atom179     13.262867    12.009715     4.772614
atom180     14.360070    9.693713     2.241073
atom181     5.900532    12.242687     13.839747
atom182     3.729809    7.903593     17.183954
atom183     7.851072    16.461965     11.240063
atom184     5.795456    4.228468     7.867609
atom185     10.912223    1.730670     7.375673
atom186     3.296801    1.328017     12.489256
atom187     1.067502    1.511842     9.525271
atom188     10.600608    19.916893     0.721535
atom189     13.530059    19.705171     4.800828
atom190     7.508354    12.897453     7.498789
atom191     12.154003    12.329453     1.123036
atom192     14.668065    15.160743     18.108077
atom193     19.404954    19.064337     14.314398
atom194     2.082477    0.195457     5.041485
atom195     12.241259    18.834995     19.757570
atom196     6.440845    4.282499     14.963160
atom197     5.056808    2.265902     6.021136
atom198     3.365926    11.118423     7.331660
atom199     3.204334    15.247451     3.902532
atom200     9.856483    17.911977     6.594364
atom201     11.827749    9.472428     8.592376
atom202     10.308988    3.166895     6.008771
atom203     9.033004    18.197060     9.481300
atom204     16.604528    12.302674     11.041062
atom205     7.104122    1.484848     2.337103
atom206     8.008960    6.593307     13.707289
atom207     18.451434    10.748697     11.846773
atom208     1.272526    13.844180     12.127364
atom209     18.713084    10.810028     4.138611
atom210     17.730708    11.515107     5.896040
atom211     13.449905    1.057687     7.542467
atom212     18.836267    1.134045     19.896409
atom213     18.943547    4.188335     13.342896
atom214     14.057270    0.535118     13.721697
atom215     0.563541    11.426059     17.768666
atom216     17.745461    12.955531     18.117594
atom217     19.814239    17.920428     8.629504
atom218     16.030734    5.553594     18.750542
atom219     19.308371    15.788950     4.876324
atom220     15.340567    19.906290     18.017394
atom221     19.687396    6.059547     2.812606
atom222     11.471308    18.275124     10.002675
atom223     14.953021    15.432159     8.293571
atom224     9.839398    3.254637     15.682105
atom225     14.396167    16.372101     5.902880
atom226     9.708776    15.397665     8.563720
atom227     10.445347    14.942727     2.404752
atom228     16.708714    11.850368     6.637293
atom229     18.980649    7.775437     1.765231
atom230     8.237529    8.151475     1.834053
atom231     4.924034    18.243412     17.019884
atom232     13.196463    12.945887     1.524465
atom233     2.287346    5.922101     15.748354
atom234     16.432108    19.438233     18.875028
atom235     13.079847    12.985103     0.624657
atom236     18.686728    9.338383     2.700211
atom237     19.790745    18.053894     16.296283
atom238     2.447622    17.177483     1.958040
atom239     8.373667    5.224296     14.750379
atom240     0.934516    6.414420     7.160266
atom241     3.572805    3.134297     13.628933
atom242     9.128817    0.524109     18.692896
atom243     17.385230    13.557602     2.617851
atom244     17.833408    15.093120     8.565516
atom245     8.159142    10.694283     18.821277
atom246     9.200714    16.403988     1.828385
atom247     9.570437    5.334793     7.863933
atom248     18.710826    1.857623     12.074106
atom249     8.003997    3.173602     18.731028
atom250     12.830382    10.726374     12.674685
atom251     19.221664    15.014133     9.039100
atom252     14.182553    6.170774     12.195062
atom253     2.410797    18.270237     7.871503
atom254     16.358201    12.284193     0.425145
atom255     5.409079    10.395779     1.855146
atom256     19.438996    11.201827     9.102014
atom257     17.547265    16.882565     5.267162
atom258     5.185934    19.990708     3.823862
atom259     7.087673    5.026558     1.855433
atom260     5.845372    3.161721     19.038086
atom261     13.111127    18.705962     11.098353
atom262     10.023441    3.965419     6.802486
atom263     9.385771    6.657290     9.077974
atom264     13.502813    1.770374     14.679308
atom265     15.129249    17.281378     8.112121
atom266     19.870903    8.762220     17.629408
atom267     12.845526    10.262793     8.760246
atom268     2.914116    17.544987     18.589079
atom269     6.654312    19.017072     19.933222
atom270     17.321755    6.744171     1.787299
atom271     17.871869    10.496608     1.995456
atom272     9.505774    11.544484     5.145305
atom273     14.130350    8.796638     4.594803
atom274     13.404122    3.084422     19.888025
atom275     18.030864    4.728107     5.301520
atom276     2.643007    1.012925     4.226146
atom277     9.732769    7.155038     0.216517
atom278     3.226726    11.576069     18.984060
atom279     5.092635    11.910476     19.375157
atom280     18.257629    15.973964     14.421027
atom281     14.194720    10.660341     8.354248
atom282     9.861195    17.101805     19.532840
atom283     3.437452    7.263934     7.938181
atom284     12.103772    8.094932     11.516383
atom285     15.328797    6.593567     19.573336
atom286     17.578491    11.695205     4.806695
atom287     4.861552    11.102593     15.783636
atom288     18.559592    15.558995     8.032857
atom289     11.353685    8.383739     1.996914
atom290     17.527010    16.450216     18.773976
atom291     14.208456    1.514286     10.598839
atom292     14.691067    12.761508     2.661348
atom293     9.459300    18.958122     19.663344
atom294     17.428950    8.364924     9.285976
atom295     9.406878    1.391703     10.355968
atom296     12.758176    6.670876     17.409323
atom297     18.487530    19.915392     17.991124
atom298     16.551225    10.439001     16.289946
atom299     0.560636    2.602976     8.215648
atom300     0.391792    4.846007     6.843048
atom301     11.224932    19.926887     0.184690
atom302     15.142991    10.745660     5.809334
atom303     14.542827    1.289604     14.370663
atom304     7.727805    1.214998     0.472199
atom305     16.246318    11.873756     2.219139
atom306     17.003537    17.941343     8.651903
atom307     11.638279    9.560508     18.464687
atom308     7.302526    13.546446     15.116983
atom309     11.014662    19.930321     0.906679
atom310     14.447461    18.471093     3.664749
atom311     13.437164    18.417445     1.998451
atom312     7.972047    6.197955     9.025714
atom313     15.224843    9.934709     17.157118
atom314     12.856073    13.020338     7.324641
atom315     14.137985    17.111946     0.476239
atom316     4.080728    8.298526     18.325467
atom317     16.140761    10.763188     17.398434
atom318     4.539091    8.508583     3.749381
atom319     15.846593    13.692244     5.540833
atom320     4.425952    12.482798     12.879409
atom321     14.462801    13.298289     18.838705
atom322     3.160310    10.333616     10.083203
atom323     2.974428    12.210510     5.045268
atom324     7.581482    4.465168     10.579452
atom325     4.681573    3.201170     2.059445
atom326     12.741141    15.865070     11.235912
atom327     1.481197    5.485798     14.301216
atom328     3.553991    11.934923     10.246081
atom329     6.194435    15.864890     16.705319
atom330     17.995117    11.433854     9.786892
atom331     19.826873    10.255774     8.790547
atom332     2.516609    12.640995     19.208731
atom333     8.442434    11.980757     0.582146
atom334     4.210512    7.070244     0.084619
atom335     1.584461    6.535322     10.659592
atom336     6.260909    7.092454     2.866222
atom337     12.595551    13.433034     8.997550
atom338     1.817621    8.764177     19.527794
atom339     3.714304    7.313464     3.389073
atom340     7.088346    13.823245     7.274599
atom341     4.177481    10.917742     14.491929
atom342     5.855861    19.450688     7.716011
atom343     2.469782    12.632154     13.110197
atom344     6.229228    3.131175     14.663061
atom345     0.816639    4.743618     13.482523
atom346     6.880732    16.957565     11.300502
atom347     18.458627    14.136252     7.988461
atom348     2.059001    5.628581     19.559980
atom349     4.586477    4.915066     7.517401
atom350     5.564644    7.479259     8.913660
atom351     15.818626    3.642854     5.446290
atom352     15.803138    3.336247     12.305091
atom353     11.349306    8.280066     7.568757
atom354     5.091631    15.047296     11.401481
atom355     11.182898    2.463414     15.099730
atom356     18.601095    8.611892     0.071037
atom357     13.982480    14.043113     17.601385
atom358     10.473187    12.847378     10.883832
atom359     3.073084    15.830590     9.726970
atom360     19.804560    15.234942     13.673419
atom361     9.199485    19.743541     11.699702
atom362     9.696590    7.082149     12.684503
atom363     9.973851    7.516632     1.538962
atom364     14.667839    2.364365     17.882609
atom365     13.017499    5.108297     15.139762
atom366     13.987960    15.646421     9.397030
atom367     15.695950    8.832933     12.596693
atom368     0.479433    0.323696     0.854744
atom369     10.238981    6.555393     16.492756
atom370     13.749122    1.490671     13.705497
atom371     8.751302    14.140239     10.503254
atom372     6.639560    11.086929     18.019437
atom373     12.637993    11.746471     3.946395
atom374     9.332547    12.118154     9.815007
atom375     1.082266    3.136975     11.637279
atom376     16.154402    7.032833     0.817034
atom377     11.890641    6.005793     19.356731
atom378     8.575554    9.342660     2.090772
atom379     19.605633    11.877145     19.172880
atom380     18.737717    18.803789     19.288783
atom381     3.765059    10.841718     10.749097
atom382     14.465531    2.179144     4.871608
atom383     17.160423    16.232710     9.154994
atom384     1.472725    8.594273     17.453808
atom385     14.809123    19.427532     0.034454
atom386     9.629228    18.431840     3.937196
atom387     12.447498    5.092460     8.975901
atom388     17.966114    16.486019     0.520498
atom389     8.407306    13.088279     10.699646
atom390     1.240011    0.858267     4.890908
atom391     2.336777    3.711167     8.078417
atom392     4.671038    6.129096     11.710439
atom393     16.659006    8.418037     1.443476
atom394     15.720686    17.575983     19.553853
atom395     1.614154    9.082688     12.732749
atom396     19.307130    14.934337     1.393770
atom397     5.094599    12.433029     14.925181
atom398     7.792264    8.080306     19.196481
atom399     17.510532    19.503026     7.356871
atom400     7.465765    15.107919     5.288953
atom401     12.960803    12.213403     10.667064
atom402     1.444986    3.878631     14.144788
atom403     11.532077    19.621947     6.062565
atom404     13.535305    7.876264     16.368270
atom405     1.507671    19.418690     9.918751
atom406     4.657989    12.317621     3.263481
atom407     0.254357    11.482765     13.839302
atom408     12.311035    11.557104     0.254389
atom409     15.516725    9.603551     6.887561
atom410     19.110318    1.620563     17.294574
atom411     0.713786    16.603005     6.697768
atom412     9.182415    13.851075     12.519461
atom413     10.628712    16.755785     14.486007
atom414     6.322288    18.691664     10.797825
atom415     18.910909    8.148577     11.637964
atom416     5.769037    12.210289     12.827717
atom417     18.390676    12.097423     1.390057
atom418     2.682083    17.770058     1.363701
atom419     19.715844    4.191385     4.611719
atom420     8.823137    5.460832     9.196425
atom421     1.527035    4.884673     16.699671
atom422     11.371101    14.100409     5.573722
atom423     17.553418    0.302243     19.799510
atom424     10.370803    2.082978     8.618508
atom425     11.270596    4.913218     16.452976
atom426     5.169162    18.108836     15.200577
atom427     15.543026    11.139304     15.774179
atom428     5.968944    0.042200     9.262523
atom429     15.017918    0.647425     19.771987
atom430     1.715651    14.952411     5.171945
atom431     4.884071    6.575949     1.980627
atom432     8.688216    2.840895     1.927987
atom433     7.836360    5.706652     11.704945
atom434     5.010173    5.969893     15.993280
atom435     19.059293    9.539166     4.761310
atom436     3.367170    7.020503     17.590898
atom437     12.928689    12.474734     2.861024
atom438     5.234800    1.288176     10.373293
atom439     4.015435    9.409908     18.330661
atom440     14.687620    14.837453     13.076010
atom441     8.805339    6.331909     14.901147
atom442     9.836650    4.574075     16.475374
atom443     2.855775    8.016005     15.997915
atom444     19.470209    15.809150     4.379214
atom445     1.441936    14.626491     7.438655
atom446     1.475304    15.428581     8.155436
atom447     8.415637    1.610616     9.625134
atom448     9.633202    5.225989     13.190104
atom449     6.154779    14.864876     10.970483
atom450     5.141832    18.763101     11.446611
atom451     2.900204    9.736584     8.763695
atom452     0.267425    14.604663     0.568204
atom453     9.810747    9.224302     12.841366
atom454     4.841257    7.000463     16.786541
atom455     11.392339    11.046710     2.061402
atom456     5.742654    8.779367     13.324411
atom457     15.901462    0.364543     19.367921
atom458     9.082133    7.915382     1.320737
atom459     10.173057    18.568784     5.549051
atom460     3.043931    1.840556     4.731427
atom461     6.077372    2.388334     0.726027
atom462     2.340721    0.503406     0.747203
atom463     17.994236    9.632760     16.290983
atom464     14.336124    7.235509     7.207783
atom465     1.213862    1.370379     11.966797
atom466     5.963875    14.842153     12.070216
atom467     4.112988    6.996279     6.462230
atom468     10.787049    14.426596     13.796253
atom469     14.007140    17.996727     10.984490
atom470     16.329021    1.853998     0.145743
atom471     9.508008    1.085952     11.588053
atom472     0.399586    15.839393     12.679827
atom473     10.062254    9.302505     19.698427
atom474     11.141615    17.115685     3.312749
atom475     17.377733    7.553840     17.382525
atom476     8.090310    13.837633     9.097826
atom477     7.155178    17.077692     4.766169
atom478     4.996385    14.248630     16.731006
atom479     18.025020    6.509208     0.260148
atom480     12.429087    1.172240     14.335912
atom481     8.963898    10.731652     4.377087
atom482     9.950542    18.752164     7.622102
atom483     4.693094    12.823293     8.088109
atom484     8.637846    16.269658     4.149697
atom485     3.686684    4.095803     15.664681
atom486     9.405507    18.359951     15.691509
atom487     7.191808    12.716646     8.672377
atom488     16.635636    15.137011     7.747736
atom489     16.481638    16.881511     11.558144
atom490     1.330186    4.438480     8.025081
atom491     11.388478    1.653890     0.934324
atom492     16.571043    9.518322     14.433300
atom493     0.212486    8.747972     2.167254
atom494     8.232293    7.645880     7.297563
atom495     9.768688    2.335986     0.924884
atom496     4.446538    3.460961     15.371385
atom497     0.444902    16.972109     16.732538
atom498     10.766666    15.359315     4.004453
atom499     2.635679    0.360612     19.304130
atom500     3.209415    6.132429     15.234120
atom501     19.524933    15.547317     3.750932
atom502     1.910907    16.618853     13.057445
atom503     16.645749    18.100240     16.725900
atom504     8.335247    10.498785     13.077297
atom505     9.811302    14.061027     13.686479
atom506     3.400217    7.444284     10.079285
atom507     19.511247    5.530324     8.157404
atom508     1.491595    9.241623     3.949901
atom509     5.993740    16.780085     2.882547
atom510     6.803978    6.453319     6.931201
atom511     2.952515    2.913031     19.306572
atom512     5.558346    19.123575     9.922640
atom513     9.818501    19.554638     14.796734
atom514     8.702280    19.225348     0.416339
atom515     16.336502    11.580959     5.685463
atom516     18.855049    7.810315     5.957923
atom517     11.381788    13.704940     18.920216
atom518     12.074556    17.065707     3.334677
atom519     5.912539    12.044423     10.614621
atom520     19.876809    16.025129     7.351336
atom521     4.501856    2.689244     18.119112
atom522     7.916338    9.885260     1.557022
atom523     8.986547    7.393048     7.955238
atom524     10.552775    0.492219     12.728856
atom525     13.876022    14.302612     3.994410
atom526     14.054705    17.430919     1.461231
atom527     18.915232    8.305482     10.242584
atom528     7.104882    11.744504     9.884816
atom529     14.273844    0.493879     7.621370
atom530     19.246455    15.171727     11.212956
atom531     16.145665    0.192145     9.374555
atom532     18.154021    14.635605     0.618233
atom533     10.386108    4.323501     18.088327
atom534     16.650405    3.355634     18.144392
atom535     12.634052    17.509502     6.697470
atom536     0.770901    16.537404     4.149389
atom537     18.786382    2.714985     10.758613
atom538     0.373672    0.808397     12.222566
atom539     12.779275    10.280756     0.658032
atom540     2.019135    15.603874     14.302454
atom541     0.967168    5.691616     15.991499
atom542     10.644472    1.646923     19.832745
atom543     8.945194    1.883742     0.059932
atom544     7.279081    19.516459     13.127745
atom545     17.405796    9.706710     17.669293
atom546     14.531361    8.582635     8.351527
atom547     4.114758    19.245011     9.400479
atom548     12.349953    2.653098     5.117259
atom549     11.280622    19.917758     1.253764
atom550     16.518863    12.537488     17.567277
atom551     13.224384    2.219997     11.485714
atom552     0.389179    0.924579     19.406744
atom553     8.718877    5.166340     1.676894
atom554     0.594371    17.100038     10.833056
atom555     16.699200    3.451442     8.381831
atom556     13.436087    0.311922     2.479361
atom557     10.798480    4.555878     5.149517
atom558     14.873039    16.658467     11.356021
atom559     8.637753    14.716124     13.898751
atom560     16.302843    1.880250     1.355745
atom561     5.976019    19.950246     0.781647
atom562     6.855249    16.176802     3.509995
atom563     12.485781    8.515808     5.183796
atom564     4.059690    11.207741     8.506765
atom565     13.194296    16.537148     19.841756
atom566     19.809602    17.981301     9.718800
atom567     5.320244    5.347411     19.442098
atom568     5.442111    5.551612     5.950049
atom569     2.658106    8.786180     10.831795
atom570     13.002165    0.886471     8.424818
atom571     10.243410    4.489806     7.663858
atom572     18.977664    17.603401     0.359049
atom573     14.534853    7.269761     2.871209
atom574     16.640052    12.361614     0.153813
atom575     9.191317    13.965595     7.249236
atom576     10.064305    5.779600     5.743685
atom577     12.903107    2.520460     1.378163
atom578     2.785038    13.640839     19.575742
atom579     6.316229    16.859956     5.282690
atom580     6.172809    6.396452     5.175739
atom581     9.095316    17.972304     19.511415
atom582     8.953122    6.127143     18.892731
atom583     9.275213    8.504265     11.187668
atom584     11.065550    4.200479     18.956690
atom585     5.296942    5.706040     1.417339
atom586     0.941267    17.871824     9.245874
atom587     7.181060    12.067921     5.554189
atom588     9.039180    5.500302     2.581992
atom589     7.200524    10.210454     15.597009
atom590     0.660886    6.510575     10.237695
atom591     11.781151    9.804111     7.191089
atom592     11.903247    17.873748     4.081066
atom593     10.915547    5.590354     5.074210
atom594     12.497088    18.564472     13.077811
atom595     18.771191    7.399254     19.264913
atom596     5.391004    6.598038     13.225235
atom597     16.718485    17.078950     16.905801
atom598     14.789748    16.799962     17.958591
atom599     0.741293    18.910393     6.981523
atom600     18.455232    17.089847     9.050685
atom601     14.865521    4.816991     19.166483
atom602     11.077331    16.707479     2.596148
atom603     13.455717    10.235179     2.661384
atom604     9.882622    17.235041     9.332656
atom605     13.945298    18.627027     4.444552
atom606     19.385584    11.508861     14.431755
atom607     10.034397    8.105920     0.695428
atom608     19.409279    11.751742     11.521777
atom609     6.512364    13.295696     0.758951
atom610     15.684281    5.708087     15.815484
atom611     10.843349    4.173873     10.281694
atom612     4.432244    12.725303     14.169590
atom613     8.301402    1.664023     7.236277
atom614     0.130290    8.281206     1.224480
atom615     10.844260    19.478025     7.164897
atom616     0.109909    4.744099     19.576622
atom617     14.231899    15.529246     0.035524
atom618     17.058528    2.674133     4.155934
atom619     8.642336    18.746293     11.444971
atom620     2.347292    12.443404     4.293587
atom621     7.702938    9.275940     7.228410
atom622     14.182141    19.242246     4.421975
atom623     0.078005    3.537260     19.722851
atom624     16.169728    4.626350     15.068596
atom625     17.886920    5.468860     15.135986
atom626     10.513131    14.200220     3.104006
atom627     8.504617    3.592669     9.995899
atom628     10.424619    10.076714     9.839001
atom629     15.669601    18.976161     12.337063
atom630     8.690391    8.399158     19.640139
atom631     18.867650    16.600648     16.090475
atom632     0.393035    15.233031     8.056466
atom633     5.003845    6.131167     10.022861
atom634     14.419186    19.259209     0.029205
atom635     9.587957    10.301531     9.335739
atom636     8.465871    11.391558     7.415293
atom637     16.525758    2.412342     15.235459
atom638     9.387331    12.865610     12.299884
atom639     3.688243    12.306247     3.599101
atom640     8.135689    16.528587     15.966792
atom641     13.631327    12.710732     19.265773
atom642     13.005286    19.842979     0.955016
atom643     10.960622    15.176412     9.954526
atom644     5.323162    10.892082     16.724512
atom645     1.295659    16.146803     19.324643
atom646     9.282206    6.036766     19.921108
atom647     14.300645    2.946152     10.468816
atom648     4.877624    18.230041     12.302909
atom649     15.167695    8.949498     11.707505
atom650     2.611621    14.505805     12.060950
atom651     9.356692    17.926357     8.283134
atom652     14.196068    14.314499     18.780811
atom653     16.508374    16.246016     6.797260
atom654     1.548238    1.230379     18.977489
atom655     14.650199    5.890071     14.422576
atom656     0.228981    8.481844     14.346423
atom657     0.329440    16.899077     2.779572
atom658     16.742993    17.489271     13.177351
atom659     9.328261    0.085660     19.689739
atom660     5.449507    9.869575     17.945809
atom661     15.586464    17.196311     12.404685
atom662     10.044674    0.836275     15.265888
atom663     13.781988    13.870804     6.608457
atom664     8.128911    6.610056     1.207592
atom665     6.216695    10.489006     15.215949
atom666     18.074896    18.279080     14.991741
atom667     4.446625    14.428943     7.249885
atom668     8.812029    3.764247     5.693414
atom669     9.210346    18.277097     3.162062
atom670     4.776850    4.509661     13.864514
atom671     0.935068    7.183610     17.932920
atom672     2.604461    13.675659     7.303609
atom673     1.990851    0.236153     9.019357
atom674     8.268642    5.067435     18.381203
atom675     16.075886    7.411963     12.867348
atom676     1.710267    4.957025     15.216220
atom677     11.596116    15.927257     9.409111
atom678     18.945239    2.126019     13.498373
atom679     12.551517    13.351678     1.644750
atom680     3.470034    6.855030     16.487430
atom681     7.015639    8.350588     12.828080
atom682     13.539565    19.463124     16.731881
atom683     12.679799    16.890118     8.218674
atom684     17.853497    3.730424     17.238231
atom685     2.952051    15.116402     1.362024
atom686     11.536375    11.862153     7.200730
atom687     3.247355    14.790623     10.498059
atom688     13.622786    18.162411     15.646744
atom689     14.823835    4.190241     5.372782
atom690     0.347513    0.652520     6.905602
atom691     2.175442    15.154704     11.103831
atom692     12.590210    13.654267     4.266512
atom693     5.285329    1.018627     3.567972
atom694     4.517262    1.622479     9.009248
atom695     18.206454    0.869822     16.595787
atom696     12.244049    5.736704     16.783598
atom697     1.936886    13.240411     11.582026
atom698     19.460371    10.447159     12.406881
atom699     17.280896    0.011359     10.911599
atom700     10.865039    8.212382     6.512665
atom701     13.693938    15.016193     17.150964
atom702     5.007161    15.360207     18.993985
atom703     11.843578    1.017929     13.335367
atom704     10.629498    9.979062     18.102098
atom705     1.853496    4.701809     3.803193
atom706     8.102173    13.717393     7.728399
atom707     11.060331    10.981764     10.503594
atom708     13.904595    14.526908     13.736562
atom709     10.256564    8.578819     2.203450
atom710     6.417303    15.606588     19.919386
atom711     5.121807    2.206996     12.989137
atom712     8.491642    11.533465     4.950039
atom713     13.444072    2.514660     9.885386
atom714     15.157980    0.171022     14.363402
atom715     6.551735    17.005561     17.961709
atom716     9.254381    18.384749     12.481830
atom717     2.638569    6.934871     7.376249
atom718     13.412471    3.400423     10.907284
atom719     18.722476    8.656313     6.649532
atom720     18.690192    6.060080     11.766286
atom721     15.962455    0.987928     4.099600
atom722     2.321600    13.628806     9.344253
atom723     18.221064    5.421590     1.662289
atom724     16.112898    9.478402     3.497447
atom725     1.586104    17.646622     6.772903
atom726     12.607504    1.811334     5.595917
atom727     6.866887    11.774988     2.218827
atom728     11.819143    4.342865     10.534648
atom729     15.836239    19.665097     11.283681
atom730     4.585667    8.298090     19.991531
atom731     18.264543    10.181298     3.077525
atom732     8.802199    18.562427     18.707684
atom733     19.859274    6.316423     0.625734
atom734     15.446529    9.814543     13.029560
atom735     7.812982    12.790984     18.065982
atom736     14.966267    18.054798     6.984861
atom737     14.552143    17.863165     6.206476
atom738     12.570572    9.095571     7.757296
atom739     12.047070    2.108155     1.757167
atom740     12.345073    9.643586     12.244471
atom741     3.574645    19.060226     5.224932
atom742     15.427063    2.644290     2.579894
atom743     0.278176    15.309111     0.235444
atom744     17.103866    4.677306     11.484078
atom745     12.907039    8.612270     6.429963
atom746     8.675781    4.345523     10.701874
atom747     4.094565    17.353180     14.889111
atom748     2.419595    1.625735     9.227050
atom749     15.242520    1.037247     13.017135
atom750     18.984789    17.343564     13.271768
atom751     18.296700    1.628877     18.043530
atom752     19.993753    15.014265     4.756244
atom753     18.190160    2.016331     8.481148
atom754     2.527144    6.701664     3.874295
atom755     13.812785    12.985529     5.278467
atom756     1.595594    11.649184     16.829969
atom757     6.381324    10.914533     0.548210
atom758     13.758817    4.431140     14.162721
atom759     12.843672    3.598220     15.281127
atom760     9.420551    12.201923     7.721133
atom761     9.848017    15.628897     14.867432
atom762     16.808158    9.707000     1.056060
atom763     0.597447    13.797501     13.105103
atom764     7.518596    19.044153     16.572930
atom765     7.467821    15.165411     11.056140
atom766     16.742621    13.226252     13.621425
atom767     15.291569    5.399209     4.502891
atom768     0.082723    10.330237     0.296490
atom769     3.111449    14.120792     8.147836
atom770     0.677708    10.232193     12.471035
atom771     0.678016    15.415911     15.209633
atom772     8.307119    17.744289     8.261661
atom773     13.843869    17.906630     7.224158
atom774     18.916033    1.768090     16.284236
atom775     9.102127    3.440787     14.799450
atom776     18.935264    4.981487     3.858973
atom777     17.751919    16.503608     16.146571
atom778     15.463220    13.341483     18.804811
atom779     1.233824    3.373372     5.265268
atom780     12.745904    0.405662     17.956764
atom781     19.591211    2.478474     12.714887
atom782     12.440052    19.950537     8.681805
atom783     15.104004    1.996111     9.631487
atom784     18.617684    19.921229     13.102920
atom785     1.267304    7.081838     11.449752
atom786     7.955747    9.745379     8.076909
atom787     4.888235    16.571709     0.711908
atom788     5.497581    17.350570     8.027168
atom789     6.836020    12.995336     12.609434
atom790     6.759485    6.660172     17.503477
atom791     0.936193    14.589350     3.197582
atom792     1.755392    2.867599     15.734056
atom793     2.272923    1.020513     11.759651
atom794     4.425694    8.142612     10.382270
atom795     17.156562    10.342592     7.941337
atom796     10.045302    11.390290     16.603955
atom797     2.714986    12.262221     14.153231
atom798     19.181725    7.249580     3.696714
atom799     10.398639    1.932231     15.507354
atom800     2.004850    12.005768     15.943054
atom801     18.530715    5.733660     5.617301
atom802     9.970098    7.437603     3.787553
atom803     17.396621    5.015169     9.944487
atom804     17.197228    17.811927     7.565332
atom805     17.998595    9.383698     0.811029
atom806     12.278192    19.574394     6.840311
atom807     4.080181    6.607739     10.265490
atom808     18.728034    11.061960     13.359276
atom809     9.811026    13.916210     9.745358
atom810     10.231913    7.754551     10.745369
atom811     17.424543    14.294131     1.459165
atom812     4.180240    17.294145     2.701618
atom813     6.089379    4.191422     5.224055
atom814     0.685627    3.328055     14.619220
atom815     5.502618    15.995041     17.647855
atom816     5.746549    2.251202     15.945901
atom817     2.755961    19.439194     14.528190
atom818     15.292730    4.921304     12.361635
atom819     1.998407    7.219307     14.893491
atom820     14.841288    2.032580     8.073641
atom821     17.632426    8.191828     0.053125
atom822     13.035308    15.426198     12.112242
atom823     3.009574    1.906544     3.285303
atom824     16.090276    9.274635     18.795498
atom825     15.356580    7.533295     19.094093
atom826     9.948358    2.047118     5.918734
atom827     16.158770    0.441046     12.654702
atom828     7.570702    0.783182     2.936762
atom829     18.135158    8.595671     1.445397
atom830     8.173818    17.363911     15.258904
atom831     16.400380    1.185920     11.753005
atom832     12.907782    6.588910     2.808180
atom833     19.477533    8.400196     18.590540
atom834     8.549044    9.274856     14.003058
atom835     3.373256    14.309388     17.885927
atom836     8.778345    17.648992     6.603018
atom837     16.928880    3.693501     16.670229
atom838     16.546870    3.245232     2.620558
atom839     3.660225    12.906773     8.133087
atom840     2.279042    3.854153     16.742423
atom841     9.559955    6.159785     1.007741
atom842     4.814719    7.474809     9.606683
atom843     3.855961    16.639746     16.208181
atom844     11.761897    2.196108     9.981075
atom845     11.919996    19.375885     10.490870
atom846     0.476534    6.112960     1.526675
atom847     8.473795    19.079213     4.337312
atom848     17.200812    14.051470     3.058941
atom849     11.616420    17.172453     17.416973
atom850     7.257641    16.167869     19.868381
atom851     6.614611    11.766969     7.452348
atom852     11.428082    7.777605     5.711866
atom853     9.080930    3.197753     4.632991
atom854     6.992274    16.644517     18.902621
atom855     8.878365    18.673280     1.810731
atom856     13.145844    14.203454     4.945841
atom857     16.501268    7.317013     19.031037
atom858     2.863889    13.377928     2.838160
atom859     0.259893    5.015063     14.670400
atom860     3.810514    4.800792     3.416068
atom861     16.986873    18.374502     0.253026
atom862     12.331784    10.292789     11.408910
atom863     0.377187    19.375066     16.733052
atom864     12.412834    2.504263     9.149021
atom865     7.615046    15.085969     6.375877
atom866     14.818753    12.282617     4.436604
atom867     0.984442    5.520322     0.054349
atom868     13.447801    17.189876     10.247310
atom869     6.535329    19.279392     8.748199
atom870     10.982211    18.028335     2.226383
atom871     18.819985    7.492401     4.779504
atom872     9.331338    13.294073     7.983152
atom873     12.151738    10.767354     7.424892
atom874     0.272085    12.930810     8.121185
atom875     12.763168    10.571589     16.698042
atom876     3.578124    9.022702     1.051058
atom877     16.236024    18.855428     3.182879
atom878     15.172385    14.270498     9.263292
atom879     18.948617    9.407322     8.856651
atom880     13.729055    4.226592     16.339707
atom881     1.455711    6.138633     12.011230
atom882     12.735368    3.327014     17.116015
atom883     8.864776    10.284641     13.969405
atom884     3.621839    13.251780     3.170147
atom885     2.089049    14.645339     9.720096
atom886     16.111435    1.881000     8.461545
atom887     3.547539    3.480228     12.193109
atom888     9.790614    5.341863     1.686033
atom889     9.295684    5.562481     14.125416
atom890     1.953352    9.980984     10.401524
atom891     18.414229    7.946258     12.761260
atom892     18.488641    18.581596     0.877357
atom893     6.281153    7.334604     8.195196
atom894     7.090178    6.114741     7.946010
atom895     9.407295    4.899113     14.898422
atom896     19.925389    6.021081     16.310052
atom897     3.580115    6.494815     4.361825
atom898     15.024868    2.953280     15.780834
atom899     8.476326    1.604886     13.324478
atom900     4.503704    13.754295     8.430833
atom901     17.009620    0.680901     3.897138
atom902     18.946762    19.735803     11.637744
atom903     8.275701    18.206555     0.064620
atom904     2.903529    6.620104     10.593450
atom905     18.245131    6.417804     1.530224
atom906     14.872242    12.270034     5.463756
atom907     5.833577    4.936223     3.093775
atom908     17.071103    14.029618     15.785902
atom909     13.847308    3.212843     8.745020
atom910     17.948382    18.458191     6.809518
atom911     7.572713    14.580575     15.721079
atom912     4.183004    3.754604     3.627151
atom913     1.060898    14.518060     4.529420
atom914     9.999345    18.987751     7.124437
atom915     0.419299    7.158874     19.203254
atom916     9.097995    4.509017     9.542911
atom917     12.494709    11.581651     5.303199
atom918     14.805354    13.590446     14.620440
atom919     5.737178    4.748964     15.836146
atom920     18.113128    7.340292     8.292855
atom921     17.618857    12.124427     18.746082
atom922     0.773817    4.050568     4.393552
atom923     8.961162    10.245718     19.784956
atom924     6.153862    4.964692     14.085735
atom925     10.266205    4.106697     1.262656
atom926     2.011564    2.848659     7.411728
atom927     11.025937    12.916582     8.995238
atom928     2.968777    16.229881     15.605269
atom929     17.759022    15.874679     5.737201
atom930     5.085039    18.255761     8.572266
atom931     18.192894    7.965415     14.727604
atom932     6.584657    9.322597     12.884826
atom933     15.985885    14.768879     0.556420
atom934     11.479367    9.720667     1.747728
atom935     11.066717    18.319479     15.483443
atom936     9.982751    6.090193     12.365723
atom937     9.356809    19.888741     10.068133
atom938     15.107783    16.511269     4.891910
atom939     18.536737    10.935443     6.484712
atom940     8.623260    6.138329     17.891827
atom941     13.111331    2.140955     3.033569
atom942     4.967640    5.128458     18.501291
atom943     10.572651    14.539347     2.802207
atom944     16.695334    18.482403     13.741118
atom945     6.974949    7.971786     1.811431
atom946     5.008467    12.801769     5.339169
atom947     12.263795    11.104618     6.317530
atom948     17.508305    2.088442     0.437629
atom949     15.874054    1.217248     9.287867
atom950     1.053827    11.662021     3.578898
atom951     10.535483    9.859684     11.704648
atom952     0.012097    3.307629     11.322420
atom953     15.912044    13.726010     13.045738
atom954     19.712633    10.227004     5.254915
atom955     19.592943    0.086518     12.608070
atom956     14.827641    3.168992     8.241201
atom957     6.793577    19.644318     2.049014
atom958     17.784735    8.047729     18.183001
atom959     1.408541    13.347162     19.244860
atom960     10.737033    17.318133     5.856838
atom961     15.878081    2.902568     3.452751
atom962     10.381442    0.897046     16.648400
atom963     9.521611    18.217495     10.434825
atom964     5.562412    16.951064     11.526117
atom965     16.511249    17.568149     14.379534
atom966     4.248059    17.122651     0.397894
atom967     7.411202    0.079687     19.297144
atom968     7.102857    17.711225     12.551564
atom969     13.912472    2.409404     7.846896
atom970     6.466340    19.776333     0.837065
atom971     8.553028    10.746430     15.250508
atom972     15.283429    8.589422     2.412719
atom973     10.575454    1.661134     18.670838
atom974     0.632826    5.399040     12.167755
atom975     18.328938    18.960331     18.284311
atom976     0.147121    5.654847     13.013585
atom977     5.780327    9.950670     0.915373
atom978     4.666745    13.982493     3.764220
atom979     5.241206    8.956947     19.401580
atom980     2.357440    1.485872     13.047874
atom981     15.626590    16.090747     17.181616
atom982     11.422859    3.987734     1.850084
atom983     14.362136    4.414305     11.222880
atom984     2.886502    9.434843     0.397936
atom985     4.386650    13.434244     4.845576
atom986     11.373653    10.986790     5.473122
atom987     3.811843    5.651347     2.195869
atom988     5.971469    2.480375     7.657218
atom989     14.954053    12.767281     9.193178
atom990     19.145148    12.502049     1.944575
atom991     2.472863    1.416473     6.655732
atom992     2.892820    19.632755     7.707587
atom993     1.502737    3.996550     12.023141
atom994     8.116975    1.999485     5.352535
atom995     0.056352    7.101032     7.048136
atom996     18.020642    12.929597     7.744920
atom997     8.870226    1.891041     2.733574
atom998     3.185552    19.578673     18.755566
atom999     4.791069    3.490976     12.840581
